8
1111111111111111
1200000010000011
1111111010111011
1000000010001011
1011111111111011
1010000000000011
1010111111101011
1010000000001011
1010111011111011
1000100010001011
1111111011101011
1000001000100011
1110111110101011
1000000000101311
1111111111111111
1111111111111111
9
1111111111111111
1200000000001011
1011111111101011
1000000010001011
1111111010111011
1000100010000011
1011101111111011
1010001000001011
1010111011101011
1010000010101311
1011111110101111
1000100000100011
1011101011111011
1000001000000011
1111111111111111
1111111111111111
10
1111111111111111
1200001000100011
1111101110101011
1000100010001011
1011101111101111
1000100000000011
1110111111101011
1000000010001011
1110111011101011
1010001000001011
1010101111111011
1000101010000011
1010101010101111
1010100000100311
1111111111111111
1111111111111111